[murilo@c198 Sequential-landform-representation]$ gcc r3d-sequential.c -o r3d-sequential -fopenmp -O3 -lm
[murilo@c198 Sequential-landform-representation]$ ./r3d-sequential 2

[Start...]

(Step 1) Extraction of data file mde.pnz 

 n (number of operations for point in the matrix) = 13651759

(Step 2) Building Matrix 


N (size of the matrix A | number of coefficient of polynomial) = 9

+1.4e+07 +3.4e+10 +1.1e+14 +2.9e+10 +7.2e+13 +2.4e+17 +7.7e+13 +1.9e+17 +6.5e+20 |+2.3e+06
+3.4e+10 +1.1e+14 +4.3e+17 +7.2e+13 +2.4e+17 +9.1e+20 +1.9e+17 +6.5e+20 +2.4e+24 |+5.8e+09
+1.1e+14 +4.3e+17 +1.7e+21 +2.4e+17 +9.1e+20 +3.6e+24 +6.5e+20 +2.4e+24 +9.8e+27 |+2.0e+13
+2.9e+10 +7.2e+13 +2.4e+17 +7.7e+13 +1.9e+17 +6.5e+20 +2.4e+17 +6.0e+20 +2.0e+24 |+4.9e+09
+7.2e+13 +2.4e+17 +9.1e+20 +1.9e+17 +6.5e+20 +2.4e+24 +6.0e+20 +2.0e+24 +7.6e+27 |+1.2e+13
+2.4e+17 +9.1e+20 +3.6e+24 +6.5e+20 +2.4e+24 +9.8e+27 +2.0e+24 +7.6e+27 +3.1e+31 |+4.1e+16
+7.7e+13 +1.9e+17 +6.5e+20 +2.4e+17 +6.0e+20 +2.0e+24 +8.2e+20 +2.1e+24 +6.9e+27 |+1.4e+13
+1.9e+17 +6.5e+20 +2.4e+24 +6.0e+20 +2.0e+24 +7.6e+27 +2.1e+24 +6.9e+27 +2.6e+31 |+3.4e+16
+6.5e+20 +2.4e+24 +9.8e+27 +2.0e+24 +7.6e+27 +3.1e+31 +6.9e+27 +2.6e+31 +1.1e+35 |+1.2e+20

(Step 3) Solver Linear System (Ax=b) 

 ---------------------------------
 +1.4e+07 +3.4e+10 +1.1e+14 +2.9e+10 +7.2e+13 +2.4e+17 +7.7e+13 +1.9e+17 +6.5e+20|+2.3e+06
 +3.4e+10 +1.1e+14 +4.3e+17 +7.2e+13 +2.4e+17 +9.1e+20 +1.9e+17 +6.5e+20 +2.4e+24|+5.8e+09
 +1.1e+14 +4.3e+17 +1.7e+21 +2.4e+17 +9.1e+20 +3.6e+24 +6.5e+20 +2.4e+24 +9.8e+27|+2.0e+13
 +2.9e+10 +7.2e+13 +2.4e+17 +7.7e+13 +1.9e+17 +6.5e+20 +2.4e+17 +6.0e+20 +2.0e+24|+4.9e+09
 +7.2e+13 +2.4e+17 +9.1e+20 +1.9e+17 +6.5e+20 +2.4e+24 +6.0e+20 +2.0e+24 +7.6e+27|+1.2e+13
 +2.4e+17 +9.1e+20 +3.6e+24 +6.5e+20 +2.4e+24 +9.8e+27 +2.0e+24 +7.6e+27 +3.1e+31|+4.1e+16
 +7.7e+13 +1.9e+17 +6.5e+20 +2.4e+17 +6.0e+20 +2.0e+24 +8.2e+20 +2.1e+24 +6.9e+27|+1.4e+13
 +1.9e+17 +6.5e+20 +2.4e+24 +6.0e+20 +2.0e+24 +7.6e+27 +2.1e+24 +6.9e+27 +2.6e+31|+3.4e+16
 +6.5e+20 +2.4e+24 +9.8e+27 +2.0e+24 +7.6e+27 +3.1e+31 +6.9e+27 +2.6e+31 +1.1e+35|+1.2e+20
 ---------------------------------
+1.0e+00 +3.8e+03 +1.5e+07 +3.1e+03 +1.2e+07 +4.7e+10 +1.1e+07 +4.0e+10 +1.6e+14 |+1.8e-01
+0.0e+00 -1.4e+13 -8.7e+16 -3.5e+13 -1.6e+17 -7.1e+20 -1.7e+17 -7.4e+20 -3.1e+24 |-2.9e+08
+0.0e+00 -3.7e+13 -2.4e+17 -1.2e+17 -4.4e+20 -1.8e+24 -5.8e+20 -2.2e+24 -8.9e+27 |-9.6e+11
+0.0e+00 -3.6e+13 -1.9e+17 -1.2e+13 -1.4e+17 -7.0e+20 -6.7e+16 -5.5e+20 -2.6e+24 |-2.4e+08
+0.0e+00 -3.0e+16 -1.8e+20 -3.1e+16 -2.0e+20 -9.5e+23 -1.7e+20 -8.9e+23 -4.1e+27 |-6.1e+11
+0.0e+00 -5.2e+16 -3.5e+20 -1.0e+20 -3.9e+23 -1.6e+27 -5.6e+23 -2.1e+27 -8.5e+30 |-2.0e+15
+0.0e+00 -9.7e+16 -5.2e+20 -5.1e+13 -3.0e+20 -1.6e+24 -4.1e+17 -1.0e+24 -5.5e+27 |-4.0e+09
+0.0e+00 -8.1e+19 -4.9e+23 -7.8e+16 -2.5e+23 -1.5e+27 -6.1e+20 -8.7e+26 -5.2e+30 |-5.1e+12
+0.0e+00 -1.7e+10 -9.2e+13 -1.4e+10 -8.8e+13 -4.0e+17 -6.9e+13 -3.6e+17 -1.6e+21 |-1.1e+05
 ---------------------------------
+1.0e+00 +3.8e+03 +1.5e+07 +3.1e+03 +1.2e+07 +4.7e+10 +1.1e+07 +4.0e+10 +1.6e+14 |+1.8e-01
-0.0e+00 +1.0e+00 +6.0e+03 +9.6e-04 +3.1e+03 +1.9e+07 +7.5e+00 +1.1e+07 +6.5e+10 |+6.3e-08
+0.0e+00 +0.0e+00 -2.0e+16 -1.2e+17 -4.4e+20 -1.8e+24 -5.8e+20 -2.2e+24 -8.9e+27 |-9.6e+11
+0.0e+00 +0.0e+00 +2.4e+16 -1.2e+13 -3.1e+16 -2.7e+19 -6.7e+16 -1.7e+20 -3.0e+23 |-2.4e+08
+0.0e+00 +0.0e+00 -5.8e+15 -3.1e+16 -1.0e+20 -3.9e+23 -1.7e+20 -5.6e+23 -2.1e+27 |-6.1e+11
+0.0e+00 +0.0e+00 -3.1e+19 -1.0e+20 -3.9e+23 -1.6e+27 -5.6e+23 -2.1e+27 -8.5e+30 |-2.0e+15
+0.0e+00 +0.0e+00 +6.5e+19 +4.1e+13 +8.2e+16 +2.0e+23 +3.2e+17 +6.5e+20 +7.0e+26 |+2.1e+09
+0.0e+00 +0.0e+00 -3.9e+12 -3.5e+13 -1.2e+17 -4.4e+20 -1.7e+17 -5.8e+20 -2.2e+24 |-2.9e+08
+0.0e+00 +0.0e+00 +1.2e+13 -1.4e+10 -3.5e+13 -8.1e+16 -6.9e+13 -1.7e+17 -4.6e+20 |-1.1e+05
 ---------------------------------
+1.0e+00 +3.8e+03 +1.5e+07 +3.1e+03 +1.2e+07 +4.7e+10 +1.1e+07 +4.0e+10 +1.6e+14 |+1.8e-01
-0.0e+00 +1.0e+00 +6.0e+03 +9.6e-04 +3.1e+03 +1.9e+07 +7.5e+00 +1.1e+07 +6.5e+10 |+6.3e-08
+0.0e+00 +0.0e+00 +1.0e+00 +6.4e-07 +1.3e-03 +3.1e+03 +4.9e-03 +1.0e+01 +1.1e+07 |+3.3e-11
+0.0e+00 +0.0e+00 +0.0e+00 -1.2e+13 -3.1e+16 -1.0e+20 -6.7e+16 -1.7e+20 -5.6e+23 |-2.4e+08
+0.0e+00 +0.0e+00 +0.0e+00 -3.1e+16 -1.0e+20 -3.9e+23 -1.7e+20 -5.6e+23 -2.1e+27 |-6.1e+11
+0.0e+00 +0.0e+00 +0.0e+00 -1.0e+20 -3.9e+23 -1.6e+27 -5.6e+23 -2.1e+27 -8.5e+30 |-2.0e+15
+0.0e+00 +0.0e+00 +0.0e+00 -1.2e+17 -4.4e+20 -1.8e+24 -5.8e+20 -2.2e+24 -8.9e+27 |-9.6e+11
+0.0e+00 +0.0e+00 +0.0e+00 -3.5e+13 -1.2e+17 -4.4e+20 -1.7e+17 -5.8e+20 -2.2e+24 |-2.9e+08
+0.0e+00 +0.0e+00 +0.0e+00 -1.4e+10 -3.5e+13 -1.2e+17 -6.9e+13 -1.7e+17 -5.8e+20 |-1.1e+05
 ---------------------------------
+1.0e+00 +3.8e+03 +1.5e+07 +3.1e+03 +1.2e+07 +4.7e+10 +1.1e+07 +4.0e+10 +1.6e+14 |+1.8e-01
-0.0e+00 +1.0e+00 +6.0e+03 +9.6e-04 +3.1e+03 +1.9e+07 +7.5e+00 +1.1e+07 +6.5e+10 |+6.3e-08
+0.0e+00 +0.0e+00 +1.0e+00 +6.4e-07 +1.3e-03 +3.1e+03 +4.9e-03 +1.0e+01 +1.1e+07 |+3.3e-11
-0.0e+00 -0.0e+00 -0.0e+00 +1.0e+00 +3.8e+03 +1.5e+07 +5.5e+03 +2.1e+07 +8.3e+10 |+2.0e-05
+0.0e+00 +0.0e+00 +0.0e+00 +0.0e+00 +1.3e+19 +7.7e+22 +3.0e+16 +7.0e+22 +4.2e+26 |+5.4e+08
+0.0e+00 +0.0e+00 +0.0e+00 +0.0e+00 +1.5e+16 +8.2e+19 +2.0e+13 +8.4e+19 +4.5e+23 |+4.5e+05
+0.0e+00 +0.0e+00 +0.0e+00 +0.0e+00 +4.3e+16 +2.9e+20 +6.0e+19 +2.3e+23 +9.1e+26 |+1.4e+12
+0.0e+00 +0.0e+00 +0.0e+00 +0.0e+00 +1.5e+16 +8.8e+19 +1.8e+16 +1.4e+20 +7.1e+23 |+4.1e+08
+0.0e+00 +0.0e+00 +0.0e+00 +0.0e+00 +1.8e+13 +9.4e+16 +7.2e+12 +1.1e+17 +5.8e+20 |+1.6e+05
 ---------------------------------
+1.0e+00 +3.8e+03 +1.5e+07 +3.1e+03 +1.2e+07 +4.7e+10 +1.1e+07 +4.0e+10 +1.6e+14 |+1.8e-01
-0.0e+00 +1.0e+00 +6.0e+03 +9.6e-04 +3.1e+03 +1.9e+07 +7.5e+00 +1.1e+07 +6.5e+10 |+6.3e-08
+0.0e+00 +0.0e+00 +1.0e+00 +6.4e-07 +1.3e-03 +3.1e+03 +4.9e-03 +1.0e+01 +1.1e+07 |+3.3e-11
-0.0e+00 -0.0e+00 -0.0e+00 +1.0e+00 +3.8e+03 +1.5e+07 +5.5e+03 +2.1e+07 +8.3e+10 |+2.0e-05
+0.0e+00 +0.0e+00 +0.0e+00 +0.0e+00 +1.0e+00 +6.0e+03 +2.3e-03 +5.5e+03 +3.3e+07 |+4.2e-11
+0.0e+00 +0.0e+00 +0.0e+00 +0.0e+00 +0.0e+00 -1.0e+19 -1.6e+13 -3.2e+16 -5.7e+22 |-2.0e+05
+0.0e+00 +0.0e+00 +0.0e+00 +0.0e+00 +0.0e+00 +2.7e+19 +6.0e+19 +2.3e+23 +9.1e+26 |+1.4e+12
+0.0e+00 +0.0e+00 +0.0e+00 +0.0e+00 +0.0e+00 +6.0e+15 +1.8e+16 +6.0e+19 +2.3e+23 |+4.1e+08
+0.0e+00 +0.0e+00 +0.0e+00 +0.0e+00 +0.0e+00 -1.2e+16 +7.1e+12 +1.8e+16 -4.6e+18 |+1.6e+05
 ---------------------------------
+1.0e+00 +3.8e+03 +1.5e+07 +3.1e+03 +1.2e+07 +4.7e+10 +1.1e+07 +4.0e+10 +1.6e+14 |+1.8e-01
-0.0e+00 +1.0e+00 +6.0e+03 +9.6e-04 +3.1e+03 +1.9e+07 +7.5e+00 +1.1e+07 +6.5e+10 |+6.3e-08
+0.0e+00 +0.0e+00 +1.0e+00 +6.4e-07 +1.3e-03 +3.1e+03 +4.9e-03 +1.0e+01 +1.1e+07 |+3.3e-11
-0.0e+00 -0.0e+00 -0.0e+00 +1.0e+00 +3.8e+03 +1.5e+07 +5.5e+03 +2.1e+07 +8.3e+10 |+2.0e-05
+0.0e+00 +0.0e+00 +0.0e+00 +0.0e+00 +1.0e+00 +6.0e+03 +2.3e-03 +5.5e+03 +3.3e+07 |+4.2e-11
+0.0e+00 +0.0e+00 +0.0e+00 +0.0e+00 +0.0e+00 +1.0e+00 +2.2e+00 +8.3e+03 +3.3e+07 |+5.0e-08
+0.0e+00 +0.0e+00 +0.0e+00 +0.0e+00 +0.0e+00 +0.0e+00 +2.3e+19 +8.5e+22 +3.4e+26 |+5.2e+11
+0.0e+00 +0.0e+00 +0.0e+00 +0.0e+00 +0.0e+00 +0.0e+00 +4.7e+15 +1.0e+19 +2.6e+22 |+1.1e+08
+0.0e+00 +0.0e+00 +0.0e+00 +0.0e+00 +0.0e+00 +0.0e+00 +2.6e+16 +9.7e+19 +3.9e+23 |+5.9e+08
 ---------------------------------
+1.0e+00 +3.8e+03 +1.5e+07 +3.1e+03 +1.2e+07 +4.7e+10 +1.1e+07 +4.0e+10 +1.6e+14 |+1.8e-01
-0.0e+00 +1.0e+00 +6.0e+03 +9.6e-04 +3.1e+03 +1.9e+07 +7.5e+00 +1.1e+07 +6.5e+10 |+6.3e-08
+0.0e+00 +0.0e+00 +1.0e+00 +6.4e-07 +1.3e-03 +3.1e+03 +4.9e-03 +1.0e+01 +1.1e+07 |+3.3e-11
-0.0e+00 -0.0e+00 -0.0e+00 +1.0e+00 +3.8e+03 +1.5e+07 +5.5e+03 +2.1e+07 +8.3e+10 |+2.0e-05
+0.0e+00 +0.0e+00 +0.0e+00 +0.0e+00 +1.0e+00 +6.0e+03 +2.3e-03 +5.5e+03 +3.3e+07 |+4.2e-11
+0.0e+00 +0.0e+00 +0.0e+00 +0.0e+00 +0.0e+00 +1.0e+00 +2.2e+00 +8.3e+03 +3.3e+07 |+5.0e-08
+0.0e+00 +0.0e+00 +0.0e+00 +0.0e+00 +0.0e+00 +0.0e+00 +1.0e+00 +3.8e+03 +1.5e+07 |+2.3e-08
+0.0e+00 +0.0e+00 +0.0e+00 +0.0e+00 +0.0e+00 +0.0e+00 +0.0e+00 -7.5e+18 -4.5e+22 |+1.4e+05
+0.0e+00 +0.0e+00 +0.0e+00 +0.0e+00 +0.0e+00 +0.0e+00 +0.0e+00 -9.0e+15 -4.8e+19 |+1.3e+02
 ---------------------------------
+1.0e+00 +3.8e+03 +1.5e+07 +3.1e+03 +1.2e+07 +4.7e+10 +1.1e+07 +4.0e+10 +1.6e+14 |+1.8e-01
-0.0e+00 +1.0e+00 +6.0e+03 +9.6e-04 +3.1e+03 +1.9e+07 +7.5e+00 +1.1e+07 +6.5e+10 |+6.3e-08
+0.0e+00 +0.0e+00 +1.0e+00 +6.4e-07 +1.3e-03 +3.1e+03 +4.9e-03 +1.0e+01 +1.1e+07 |+3.3e-11
-0.0e+00 -0.0e+00 -0.0e+00 +1.0e+00 +3.8e+03 +1.5e+07 +5.5e+03 +2.1e+07 +8.3e+10 |+2.0e-05
+0.0e+00 +0.0e+00 +0.0e+00 +0.0e+00 +1.0e+00 +6.0e+03 +2.3e-03 +5.5e+03 +3.3e+07 |+4.2e-11
+0.0e+00 +0.0e+00 +0.0e+00 +0.0e+00 +0.0e+00 +1.0e+00 +2.2e+00 +8.3e+03 +3.3e+07 |+5.0e-08
+0.0e+00 +0.0e+00 +0.0e+00 +0.0e+00 +0.0e+00 +0.0e+00 +1.0e+00 +3.8e+03 +1.5e+07 |+2.3e-08
-0.0e+00 -0.0e+00 -0.0e+00 -0.0e+00 -0.0e+00 -0.0e+00 -0.0e+00 +1.0e+00 +6.0e+03 |-1.9e-14
+0.0e+00 +0.0e+00 +0.0e+00 +0.0e+00 +0.0e+00 +0.0e+00 +0.0e+00 +0.0e+00 +6.0e+18 |-4.4e+01
 ---------------------------------
+1.0e+00 +3.8e+03 +1.5e+07 +3.1e+03 +1.2e+07 +4.7e+10 +1.1e+07 +4.0e+10 +1.6e+14 |+1.8e-01
-0.0e+00 +1.0e+00 +6.0e+03 +9.6e-04 +3.1e+03 +1.9e+07 +7.5e+00 +1.1e+07 +6.5e+10 |+6.3e-08
+0.0e+00 +0.0e+00 +1.0e+00 +6.4e-07 +1.3e-03 +3.1e+03 +4.9e-03 +1.0e+01 +1.1e+07 |+3.3e-11
-0.0e+00 -0.0e+00 -0.0e+00 +1.0e+00 +3.8e+03 +1.5e+07 +5.5e+03 +2.1e+07 +8.3e+10 |+2.0e-05
+0.0e+00 +0.0e+00 +0.0e+00 +0.0e+00 +1.0e+00 +6.0e+03 +2.3e-03 +5.5e+03 +3.3e+07 |+4.2e-11
+0.0e+00 +0.0e+00 +0.0e+00 +0.0e+00 +0.0e+00 +1.0e+00 +2.2e+00 +8.3e+03 +3.3e+07 |+5.0e-08
+0.0e+00 +0.0e+00 +0.0e+00 +0.0e+00 +0.0e+00 +0.0e+00 +1.0e+00 +3.8e+03 +1.5e+07 |+2.3e-08
-0.0e+00 -0.0e+00 -0.0e+00 -0.0e+00 -0.0e+00 -0.0e+00 -0.0e+00 +1.0e+00 +6.0e+03 |-1.9e-14
+0.0e+00 +0.0e+00 +0.0e+00 +0.0e+00 +0.0e+00 +0.0e+00 +0.0e+00 +0.0e+00 +1.0e+00 |-7.3e-18
a[8]= -7.34531e-18
a[7]=  2.52357e-14
a[6]=  2.29515e-08
a[5]=  2.45589e-14
a[4]= -5.48411e-11
a[3]= -0.000106212
a[2]= -9.93033e-12
a[1]= -3.43493e-08
a[0]=     0.263102

(Step 4) Reports Landform 


--------------------------------------------
a[ 0, 0]=  0
a[ 0, 1]=  1
a[ 0, 2]=  2
a[ 1, 0]=  3
a[ 1, 1]=  4
a[ 1, 2]=  5
a[ 2, 0]=  6
a[ 2, 1]=  7
a[ 2, 2]=  8

---------------------------------------------

P(x)=    0.263102*(x**0)*(y**0) + -3.43493e-08*(x**0)*(y**1) + -9.93033e-12*(x**0)*(y**2) + -0.000106212*(x**1)*(y**0) + -5.48411e-11*(x**1)*(y**1) +  2.45589e-14*(x**1)*(y**2) +  2.29515e-08*(x**2)*(y**0) +  2.52357e-14*(x**2)*(y**1) + -7.34531e-18*(x**2)*(y**2) + 

[End]

2	282.95

------------------------------------------------------------------------------------------------------------------

Ax=b

A = [+1.4e+07 +3.4e+10 +1.1e+14 +2.9e+10 +7.2e+13 +2.4e+17 +7.7e+13 +1.9e+17 +6.5e+20 ;
+3.4e+10 +1.1e+14 +4.3e+17 +7.2e+13 +2.4e+17 +9.1e+20 +1.9e+17 +6.5e+20 +2.4e+24; 
+1.1e+14 +4.3e+17 +1.7e+21 +2.4e+17 +9.1e+20 +3.6e+24 +6.5e+20 +2.4e+24 +9.8e+27; 
+2.9e+10 +7.2e+13 +2.4e+17 +7.7e+13 +1.9e+17 +6.5e+20 +2.4e+17 +6.0e+20 +2.0e+24; 
+7.2e+13 +2.4e+17 +9.1e+20 +1.9e+17 +6.5e+20 +2.4e+24 +6.0e+20 +2.0e+24 +7.6e+27; 
+2.4e+17 +9.1e+20 +3.6e+24 +6.5e+20 +2.4e+24 +9.8e+27 +2.0e+24 +7.6e+27 +3.1e+31; 
+7.7e+13 +1.9e+17 +6.5e+20 +2.4e+17 +6.0e+20 +2.0e+24 +8.2e+20 +2.1e+24 +6.9e+27; 
+1.9e+17 +6.5e+20 +2.4e+24 +6.0e+20 +2.0e+24 +7.6e+27 +2.1e+24 +6.9e+27 +2.6e+31; 
+6.5e+20 +2.4e+24 +9.8e+27 +2.0e+24 +7.6e+27 +3.1e+31 +6.9e+27 +2.6e+31 +1.1e+35] 

b = [+2.3e+06;
+5.8e+09;
+2.0e+13;
+4.9e+09;
+1.2e+13;
+4.1e+16;
+1.4e+13;
+3.4e+16;
+1.2e+20]


x =  [ -7.34531e-18;
  2.52357e-14;
  2.29515e-08;
  2.45589e-14;
 -5.48411e-11;
 -0.000106212;
 -9.93033e-12;
 -3.43493e-08;   
  0.263102]

---------------------------------------------------------------------------------------------------------------

ANOVA
 =================================================
 FV           gl      SQ         QM          F    
 =================================================
 Regression      9  1.514527e+04  1.682808e+03  1.041102e+06
 Residue     13651741  2.206630e+04  1.616373e-03      
 -------------------------------------------------
 Total       13651750  3.721157e+04            
 =================================================
 R^2= 4.070044e-01                        
+x^0*y^0*     0.263102
+x^0*y^1* -3.43493e-08
+x^0*y^2* -9.93033e-12
+x^1*y^0* -0.000106212
+x^1*y^1* -5.48411e-11
+x^1*y^2*  2.45589e-14
+x^2*y^0*  2.29515e-08
+x^2*y^1*  2.52357e-14
+x^2*y^2* -7.34531e-18


